{
 "cells": [
  {
   "cell_type": "code",
   "execution_count": 80,
   "id": "2326b227",
   "metadata": {},
   "outputs": [],
   "source": [
    "from datetime import datetime\n",
    "import pandas as pd\n",
    "import pandas_datareader.data as web\n",
    "\n",
    "def getStock(Stock):\n",
    "    stock_df = web.DataReader(Stock, 'yahoo', start_time, now_time)\n",
    "    return stock_df\n",
    "if __name__ == '__main__':\n",
    "    now_time = datetime.now()\n",
    "    start_time = datetime(now_time.year - 8, now_time.month, now_time.day)\n",
    "    stock_df = getStock('TSLA')\n"
   ]
  },
  {
   "cell_type": "code",
   "execution_count": 81,
   "id": "86e76a67",
   "metadata": {},
   "outputs": [
    {
     "data": {
      "text/html": [
       "<div>\n",
       "<style scoped>\n",
       "    .dataframe tbody tr th:only-of-type {\n",
       "        vertical-align: middle;\n",
       "    }\n",
       "\n",
       "    .dataframe tbody tr th {\n",
       "        vertical-align: top;\n",
       "    }\n",
       "\n",
       "    .dataframe thead th {\n",
       "        text-align: right;\n",
       "    }\n",
       "</style>\n",
       "<table border=\"1\" class=\"dataframe\">\n",
       "  <thead>\n",
       "    <tr style=\"text-align: right;\">\n",
       "      <th></th>\n",
       "      <th>High</th>\n",
       "      <th>Low</th>\n",
       "      <th>Open</th>\n",
       "      <th>Close</th>\n",
       "      <th>Volume</th>\n",
       "      <th>Adj Close</th>\n",
       "    </tr>\n",
       "    <tr>\n",
       "      <th>Date</th>\n",
       "      <th></th>\n",
       "      <th></th>\n",
       "      <th></th>\n",
       "      <th></th>\n",
       "      <th></th>\n",
       "      <th></th>\n",
       "    </tr>\n",
       "  </thead>\n",
       "  <tbody>\n",
       "    <tr>\n",
       "      <th>2014-05-23</th>\n",
       "      <td>41.551998</td>\n",
       "      <td>40.500000</td>\n",
       "      <td>40.905998</td>\n",
       "      <td>41.459999</td>\n",
       "      <td>20034000.0</td>\n",
       "      <td>41.459999</td>\n",
       "    </tr>\n",
       "    <tr>\n",
       "      <th>2014-05-27</th>\n",
       "      <td>42.773998</td>\n",
       "      <td>41.540001</td>\n",
       "      <td>41.703999</td>\n",
       "      <td>42.312000</td>\n",
       "      <td>26705500.0</td>\n",
       "      <td>42.312000</td>\n",
       "    </tr>\n",
       "    <tr>\n",
       "      <th>2014-05-28</th>\n",
       "      <td>42.554001</td>\n",
       "      <td>41.051998</td>\n",
       "      <td>42.004002</td>\n",
       "      <td>42.048000</td>\n",
       "      <td>27475500.0</td>\n",
       "      <td>42.048000</td>\n",
       "    </tr>\n",
       "    <tr>\n",
       "      <th>2014-05-29</th>\n",
       "      <td>42.498001</td>\n",
       "      <td>41.543999</td>\n",
       "      <td>42.113998</td>\n",
       "      <td>42.048000</td>\n",
       "      <td>18462500.0</td>\n",
       "      <td>42.048000</td>\n",
       "    </tr>\n",
       "    <tr>\n",
       "      <th>2014-05-30</th>\n",
       "      <td>42.959999</td>\n",
       "      <td>41.403999</td>\n",
       "      <td>42.060001</td>\n",
       "      <td>41.554001</td>\n",
       "      <td>27905500.0</td>\n",
       "      <td>41.554001</td>\n",
       "    </tr>\n",
       "    <tr>\n",
       "      <th>...</th>\n",
       "      <td>...</td>\n",
       "      <td>...</td>\n",
       "      <td>...</td>\n",
       "      <td>...</td>\n",
       "      <td>...</td>\n",
       "      <td>...</td>\n",
       "    </tr>\n",
       "    <tr>\n",
       "      <th>2022-05-17</th>\n",
       "      <td>764.479980</td>\n",
       "      <td>728.849976</td>\n",
       "      <td>747.359985</td>\n",
       "      <td>761.609985</td>\n",
       "      <td>26745400.0</td>\n",
       "      <td>761.609985</td>\n",
       "    </tr>\n",
       "    <tr>\n",
       "      <th>2022-05-18</th>\n",
       "      <td>760.500000</td>\n",
       "      <td>700.809998</td>\n",
       "      <td>744.520020</td>\n",
       "      <td>709.809998</td>\n",
       "      <td>29270600.0</td>\n",
       "      <td>709.809998</td>\n",
       "    </tr>\n",
       "    <tr>\n",
       "      <th>2022-05-19</th>\n",
       "      <td>734.000000</td>\n",
       "      <td>694.109985</td>\n",
       "      <td>707.000000</td>\n",
       "      <td>709.419983</td>\n",
       "      <td>30098900.0</td>\n",
       "      <td>709.419983</td>\n",
       "    </tr>\n",
       "    <tr>\n",
       "      <th>2022-05-20</th>\n",
       "      <td>721.580017</td>\n",
       "      <td>633.000000</td>\n",
       "      <td>713.989990</td>\n",
       "      <td>663.900024</td>\n",
       "      <td>48190600.0</td>\n",
       "      <td>663.900024</td>\n",
       "    </tr>\n",
       "    <tr>\n",
       "      <th>2022-05-23</th>\n",
       "      <td>679.955078</td>\n",
       "      <td>638.059998</td>\n",
       "      <td>655.020020</td>\n",
       "      <td>674.900024</td>\n",
       "      <td>28945309.0</td>\n",
       "      <td>674.900024</td>\n",
       "    </tr>\n",
       "  </tbody>\n",
       "</table>\n",
       "<p>2015 rows × 6 columns</p>\n",
       "</div>"
      ],
      "text/plain": [
       "                  High         Low        Open       Close      Volume  \\\n",
       "Date                                                                     \n",
       "2014-05-23   41.551998   40.500000   40.905998   41.459999  20034000.0   \n",
       "2014-05-27   42.773998   41.540001   41.703999   42.312000  26705500.0   \n",
       "2014-05-28   42.554001   41.051998   42.004002   42.048000  27475500.0   \n",
       "2014-05-29   42.498001   41.543999   42.113998   42.048000  18462500.0   \n",
       "2014-05-30   42.959999   41.403999   42.060001   41.554001  27905500.0   \n",
       "...                ...         ...         ...         ...         ...   \n",
       "2022-05-17  764.479980  728.849976  747.359985  761.609985  26745400.0   \n",
       "2022-05-18  760.500000  700.809998  744.520020  709.809998  29270600.0   \n",
       "2022-05-19  734.000000  694.109985  707.000000  709.419983  30098900.0   \n",
       "2022-05-20  721.580017  633.000000  713.989990  663.900024  48190600.0   \n",
       "2022-05-23  679.955078  638.059998  655.020020  674.900024  28945309.0   \n",
       "\n",
       "             Adj Close  \n",
       "Date                    \n",
       "2014-05-23   41.459999  \n",
       "2014-05-27   42.312000  \n",
       "2014-05-28   42.048000  \n",
       "2014-05-29   42.048000  \n",
       "2014-05-30   41.554001  \n",
       "...                ...  \n",
       "2022-05-17  761.609985  \n",
       "2022-05-18  709.809998  \n",
       "2022-05-19  709.419983  \n",
       "2022-05-20  663.900024  \n",
       "2022-05-23  674.900024  \n",
       "\n",
       "[2015 rows x 6 columns]"
      ]
     },
     "execution_count": 81,
     "metadata": {},
     "output_type": "execute_result"
    }
   ],
   "source": [
    "stock_df.dropna()"
   ]
  },
  {
   "cell_type": "code",
   "execution_count": 82,
   "id": "3e63fc87",
   "metadata": {},
   "outputs": [
    {
     "data": {
      "text/html": [
       "<div>\n",
       "<style scoped>\n",
       "    .dataframe tbody tr th:only-of-type {\n",
       "        vertical-align: middle;\n",
       "    }\n",
       "\n",
       "    .dataframe tbody tr th {\n",
       "        vertical-align: top;\n",
       "    }\n",
       "\n",
       "    .dataframe thead th {\n",
       "        text-align: right;\n",
       "    }\n",
       "</style>\n",
       "<table border=\"1\" class=\"dataframe\">\n",
       "  <thead>\n",
       "    <tr style=\"text-align: right;\">\n",
       "      <th></th>\n",
       "      <th>High</th>\n",
       "      <th>Low</th>\n",
       "      <th>Open</th>\n",
       "      <th>Close</th>\n",
       "      <th>Volume</th>\n",
       "      <th>Adj Close</th>\n",
       "    </tr>\n",
       "    <tr>\n",
       "      <th>Date</th>\n",
       "      <th></th>\n",
       "      <th></th>\n",
       "      <th></th>\n",
       "      <th></th>\n",
       "      <th></th>\n",
       "      <th></th>\n",
       "    </tr>\n",
       "  </thead>\n",
       "  <tbody>\n",
       "    <tr>\n",
       "      <th>2014-05-23</th>\n",
       "      <td>41.551998</td>\n",
       "      <td>40.500000</td>\n",
       "      <td>40.905998</td>\n",
       "      <td>41.459999</td>\n",
       "      <td>20034000.0</td>\n",
       "      <td>41.459999</td>\n",
       "    </tr>\n",
       "    <tr>\n",
       "      <th>2014-05-27</th>\n",
       "      <td>42.773998</td>\n",
       "      <td>41.540001</td>\n",
       "      <td>41.703999</td>\n",
       "      <td>42.312000</td>\n",
       "      <td>26705500.0</td>\n",
       "      <td>42.312000</td>\n",
       "    </tr>\n",
       "    <tr>\n",
       "      <th>2014-05-28</th>\n",
       "      <td>42.554001</td>\n",
       "      <td>41.051998</td>\n",
       "      <td>42.004002</td>\n",
       "      <td>42.048000</td>\n",
       "      <td>27475500.0</td>\n",
       "      <td>42.048000</td>\n",
       "    </tr>\n",
       "    <tr>\n",
       "      <th>2014-05-29</th>\n",
       "      <td>42.498001</td>\n",
       "      <td>41.543999</td>\n",
       "      <td>42.113998</td>\n",
       "      <td>42.048000</td>\n",
       "      <td>18462500.0</td>\n",
       "      <td>42.048000</td>\n",
       "    </tr>\n",
       "    <tr>\n",
       "      <th>2014-05-30</th>\n",
       "      <td>42.959999</td>\n",
       "      <td>41.403999</td>\n",
       "      <td>42.060001</td>\n",
       "      <td>41.554001</td>\n",
       "      <td>27905500.0</td>\n",
       "      <td>41.554001</td>\n",
       "    </tr>\n",
       "  </tbody>\n",
       "</table>\n",
       "</div>"
      ],
      "text/plain": [
       "                 High        Low       Open      Close      Volume  Adj Close\n",
       "Date                                                                         \n",
       "2014-05-23  41.551998  40.500000  40.905998  41.459999  20034000.0  41.459999\n",
       "2014-05-27  42.773998  41.540001  41.703999  42.312000  26705500.0  42.312000\n",
       "2014-05-28  42.554001  41.051998  42.004002  42.048000  27475500.0  42.048000\n",
       "2014-05-29  42.498001  41.543999  42.113998  42.048000  18462500.0  42.048000\n",
       "2014-05-30  42.959999  41.403999  42.060001  41.554001  27905500.0  41.554001"
      ]
     },
     "execution_count": 82,
     "metadata": {},
     "output_type": "execute_result"
    }
   ],
   "source": [
    "stock_df.head()"
   ]
  },
  {
   "cell_type": "code",
   "execution_count": 83,
   "id": "44205ff8",
   "metadata": {},
   "outputs": [],
   "source": [
    "import numpy as np\n",
    "from scipy.stats import norm\n",
    "import scipy.optimize as opt\n",
    "import pandas as pd\n",
    "import datetime\n",
    "import time\n",
    "from arch import arch_model\n",
    "import matplotlib.pyplot as plt\n",
    "from numba import jit\n",
    "from sklearn.metrics import mean_squared_error as mse\n",
    "from sklearn.metrics import mean_absolute_error as mae\n",
    "import warnings\n",
    "import plotly.express as px\n",
    "import plotly.graph_objects as go\n",
    "import math\n",
    "from datetime import timedelta\n",
    "warnings.filterwarnings('ignore')"
   ]
  },
  {
   "cell_type": "code",
   "execution_count": 84,
   "id": "8f08c695",
   "metadata": {},
   "outputs": [
    {
     "data": {
      "text/html": [
       "<div>\n",
       "<style scoped>\n",
       "    .dataframe tbody tr th:only-of-type {\n",
       "        vertical-align: middle;\n",
       "    }\n",
       "\n",
       "    .dataframe tbody tr th {\n",
       "        vertical-align: top;\n",
       "    }\n",
       "\n",
       "    .dataframe thead th {\n",
       "        text-align: right;\n",
       "    }\n",
       "</style>\n",
       "<table border=\"1\" class=\"dataframe\">\n",
       "  <thead>\n",
       "    <tr style=\"text-align: right;\">\n",
       "      <th></th>\n",
       "      <th>High</th>\n",
       "      <th>Low</th>\n",
       "      <th>Open</th>\n",
       "      <th>Close</th>\n",
       "      <th>Volume</th>\n",
       "      <th>Adj Close</th>\n",
       "    </tr>\n",
       "    <tr>\n",
       "      <th>Date</th>\n",
       "      <th></th>\n",
       "      <th></th>\n",
       "      <th></th>\n",
       "      <th></th>\n",
       "      <th></th>\n",
       "      <th></th>\n",
       "    </tr>\n",
       "  </thead>\n",
       "  <tbody>\n",
       "    <tr>\n",
       "      <th>2022-05-23</th>\n",
       "      <td>679.955078</td>\n",
       "      <td>638.059998</td>\n",
       "      <td>655.020020</td>\n",
       "      <td>674.900024</td>\n",
       "      <td>28945309.0</td>\n",
       "      <td>674.900024</td>\n",
       "    </tr>\n",
       "    <tr>\n",
       "      <th>2022-05-20</th>\n",
       "      <td>721.580017</td>\n",
       "      <td>633.000000</td>\n",
       "      <td>713.989990</td>\n",
       "      <td>663.900024</td>\n",
       "      <td>48190600.0</td>\n",
       "      <td>663.900024</td>\n",
       "    </tr>\n",
       "    <tr>\n",
       "      <th>2022-05-19</th>\n",
       "      <td>734.000000</td>\n",
       "      <td>694.109985</td>\n",
       "      <td>707.000000</td>\n",
       "      <td>709.419983</td>\n",
       "      <td>30098900.0</td>\n",
       "      <td>709.419983</td>\n",
       "    </tr>\n",
       "    <tr>\n",
       "      <th>2022-05-18</th>\n",
       "      <td>760.500000</td>\n",
       "      <td>700.809998</td>\n",
       "      <td>744.520020</td>\n",
       "      <td>709.809998</td>\n",
       "      <td>29270600.0</td>\n",
       "      <td>709.809998</td>\n",
       "    </tr>\n",
       "    <tr>\n",
       "      <th>2022-05-17</th>\n",
       "      <td>764.479980</td>\n",
       "      <td>728.849976</td>\n",
       "      <td>747.359985</td>\n",
       "      <td>761.609985</td>\n",
       "      <td>26745400.0</td>\n",
       "      <td>761.609985</td>\n",
       "    </tr>\n",
       "    <tr>\n",
       "      <th>...</th>\n",
       "      <td>...</td>\n",
       "      <td>...</td>\n",
       "      <td>...</td>\n",
       "      <td>...</td>\n",
       "      <td>...</td>\n",
       "      <td>...</td>\n",
       "    </tr>\n",
       "    <tr>\n",
       "      <th>2014-05-30</th>\n",
       "      <td>42.959999</td>\n",
       "      <td>41.403999</td>\n",
       "      <td>42.060001</td>\n",
       "      <td>41.554001</td>\n",
       "      <td>27905500.0</td>\n",
       "      <td>41.554001</td>\n",
       "    </tr>\n",
       "    <tr>\n",
       "      <th>2014-05-29</th>\n",
       "      <td>42.498001</td>\n",
       "      <td>41.543999</td>\n",
       "      <td>42.113998</td>\n",
       "      <td>42.048000</td>\n",
       "      <td>18462500.0</td>\n",
       "      <td>42.048000</td>\n",
       "    </tr>\n",
       "    <tr>\n",
       "      <th>2014-05-28</th>\n",
       "      <td>42.554001</td>\n",
       "      <td>41.051998</td>\n",
       "      <td>42.004002</td>\n",
       "      <td>42.048000</td>\n",
       "      <td>27475500.0</td>\n",
       "      <td>42.048000</td>\n",
       "    </tr>\n",
       "    <tr>\n",
       "      <th>2014-05-27</th>\n",
       "      <td>42.773998</td>\n",
       "      <td>41.540001</td>\n",
       "      <td>41.703999</td>\n",
       "      <td>42.312000</td>\n",
       "      <td>26705500.0</td>\n",
       "      <td>42.312000</td>\n",
       "    </tr>\n",
       "    <tr>\n",
       "      <th>2014-05-23</th>\n",
       "      <td>41.551998</td>\n",
       "      <td>40.500000</td>\n",
       "      <td>40.905998</td>\n",
       "      <td>41.459999</td>\n",
       "      <td>20034000.0</td>\n",
       "      <td>41.459999</td>\n",
       "    </tr>\n",
       "  </tbody>\n",
       "</table>\n",
       "<p>2015 rows × 6 columns</p>\n",
       "</div>"
      ],
      "text/plain": [
       "                  High         Low        Open       Close      Volume  \\\n",
       "Date                                                                     \n",
       "2022-05-23  679.955078  638.059998  655.020020  674.900024  28945309.0   \n",
       "2022-05-20  721.580017  633.000000  713.989990  663.900024  48190600.0   \n",
       "2022-05-19  734.000000  694.109985  707.000000  709.419983  30098900.0   \n",
       "2022-05-18  760.500000  700.809998  744.520020  709.809998  29270600.0   \n",
       "2022-05-17  764.479980  728.849976  747.359985  761.609985  26745400.0   \n",
       "...                ...         ...         ...         ...         ...   \n",
       "2014-05-30   42.959999   41.403999   42.060001   41.554001  27905500.0   \n",
       "2014-05-29   42.498001   41.543999   42.113998   42.048000  18462500.0   \n",
       "2014-05-28   42.554001   41.051998   42.004002   42.048000  27475500.0   \n",
       "2014-05-27   42.773998   41.540001   41.703999   42.312000  26705500.0   \n",
       "2014-05-23   41.551998   40.500000   40.905998   41.459999  20034000.0   \n",
       "\n",
       "             Adj Close  \n",
       "Date                    \n",
       "2022-05-23  674.900024  \n",
       "2022-05-20  663.900024  \n",
       "2022-05-19  709.419983  \n",
       "2022-05-18  709.809998  \n",
       "2022-05-17  761.609985  \n",
       "...                ...  \n",
       "2014-05-30   41.554001  \n",
       "2014-05-29   42.048000  \n",
       "2014-05-28   42.048000  \n",
       "2014-05-27   42.312000  \n",
       "2014-05-23   41.459999  \n",
       "\n",
       "[2015 rows x 6 columns]"
      ]
     },
     "execution_count": 84,
     "metadata": {},
     "output_type": "execute_result"
    }
   ],
   "source": [
    "# stock_df.reset_index(inplace=True)\n",
    "stock_df.sort_values(by=['Date'],ascending=False)"
   ]
  },
  {
   "cell_type": "code",
   "execution_count": 85,
   "id": "5b753940",
   "metadata": {},
   "outputs": [],
   "source": [
    "ret = 100 * (stock_df.pct_change()[1:]['Adj Close'])\n",
    "realized_vol = ret.rolling(5).std()"
   ]
  },
  {
   "cell_type": "code",
   "execution_count": 86,
   "id": "e7b8db2d",
   "metadata": {},
   "outputs": [
    {
     "data": {
      "text/plain": [
       "Date\n",
       "2014-05-27         NaN\n",
       "2014-05-28         NaN\n",
       "2014-05-29         NaN\n",
       "2014-05-30         NaN\n",
       "2014-06-02    1.403346\n",
       "                ...   \n",
       "2022-05-17    6.305702\n",
       "2022-05-18    5.897573\n",
       "2022-05-19    5.898081\n",
       "2022-05-20    5.223651\n",
       "2022-05-23    5.201530\n",
       "Name: Adj Close, Length: 2014, dtype: float64"
      ]
     },
     "execution_count": 86,
     "metadata": {},
     "output_type": "execute_result"
    }
   ],
   "source": [
    "realized_vol"
   ]
  },
  {
   "cell_type": "code",
   "execution_count": 87,
   "id": "d4e0f134",
   "metadata": {},
   "outputs": [
    {
     "data": {
      "application/vnd.plotly.v1+json": {
       "config": {
        "plotlyServerURL": "https://plot.ly"
       },
       "data": [
        {
         "hovertemplate": "variable=Realized Volatility<br>Date=%{x}<br>Volatility=%{y}<extra></extra>",
         "legendgroup": "Realized Volatility",
         "line": {
          "color": "#636efa",
          "dash": "solid"
         },
         "marker": {
          "symbol": "circle"
         },
         "mode": "lines",
         "name": "Realized Volatility",
         "showlegend": true,
         "type": "scattergl",
         "x": [
          "2014-05-27T00:00:00",
          "2014-05-28T00:00:00",
          "2014-05-29T00:00:00",
          "2014-05-30T00:00:00",
          "2014-06-02T00:00:00",
          "2014-06-03T00:00:00",
          "2014-06-04T00:00:00",
          "2014-06-05T00:00:00",
          "2014-06-06T00:00:00",
          "2014-06-09T00:00:00",
          "2014-06-10T00:00:00",
          "2014-06-11T00:00:00",
          "2014-06-12T00:00:00",
          "2014-06-13T00:00:00",
          "2014-06-16T00:00:00",
          "2014-06-17T00:00:00",
          "2014-06-18T00:00:00",
          "2014-06-19T00:00:00",
          "2014-06-20T00:00:00",
          "2014-06-23T00:00:00",
          "2014-06-24T00:00:00",
          "2014-06-25T00:00:00",
          "2014-06-26T00:00:00",
          "2014-06-27T00:00:00",
          "2014-06-30T00:00:00",
          "2014-07-01T00:00:00",
          "2014-07-02T00:00:00",
          "2014-07-03T00:00:00",
          "2014-07-07T00:00:00",
          "2014-07-08T00:00:00",
          "2014-07-09T00:00:00",
          "2014-07-10T00:00:00",
          "2014-07-11T00:00:00",
          "2014-07-14T00:00:00",
          "2014-07-15T00:00:00",
          "2014-07-16T00:00:00",
          "2014-07-17T00:00:00",
          "2014-07-18T00:00:00",
          "2014-07-21T00:00:00",
          "2014-07-22T00:00:00",
          "2014-07-23T00:00:00",
          "2014-07-24T00:00:00",
          "2014-07-25T00:00:00",
          "2014-07-28T00:00:00",
          "2014-07-29T00:00:00",
          "2014-07-30T00:00:00",
          "2014-07-31T00:00:00",
          "2014-08-01T00:00:00",
          "2014-08-04T00:00:00",
          "2014-08-05T00:00:00",
          "2014-08-06T00:00:00",
          "2014-08-07T00:00:00",
          "2014-08-08T00:00:00",
          "2014-08-11T00:00:00",
          "2014-08-12T00:00:00",
          "2014-08-13T00:00:00",
          "2014-08-14T00:00:00",
          "2014-08-15T00:00:00",
          "2014-08-18T00:00:00",
          "2014-08-19T00:00:00",
          "2014-08-20T00:00:00",
          "2014-08-21T00:00:00",
          "2014-08-22T00:00:00",
          "2014-08-25T00:00:00",
          "2014-08-26T00:00:00",
          "2014-08-27T00:00:00",
          "2014-08-28T00:00:00",
          "2014-08-29T00:00:00",
          "2014-09-02T00:00:00",
          "2014-09-03T00:00:00",
          "2014-09-04T00:00:00",
          "2014-09-05T00:00:00",
          "2014-09-08T00:00:00",
          "2014-09-09T00:00:00",
          "2014-09-10T00:00:00",
          "2014-09-11T00:00:00",
          "2014-09-12T00:00:00",
          "2014-09-15T00:00:00",
          "2014-09-16T00:00:00",
          "2014-09-17T00:00:00",
          "2014-09-18T00:00:00",
          "2014-09-19T00:00:00",
          "2014-09-22T00:00:00",
          "2014-09-23T00:00:00",
          "2014-09-24T00:00:00",
          "2014-09-25T00:00:00",
          "2014-09-26T00:00:00",
          "2014-09-29T00:00:00",
          "2014-09-30T00:00:00",
          "2014-10-01T00:00:00",
          "2014-10-02T00:00:00",
          "2014-10-03T00:00:00",
          "2014-10-06T00:00:00",
          "2014-10-07T00:00:00",
          "2014-10-08T00:00:00",
          "2014-10-09T00:00:00",
          "2014-10-10T00:00:00",
          "2014-10-13T00:00:00",
          "2014-10-14T00:00:00",
          "2014-10-15T00:00:00",
          "2014-10-16T00:00:00",
          "2014-10-17T00:00:00",
          "2014-10-20T00:00:00",
          "2014-10-21T00:00:00",
          "2014-10-22T00:00:00",
          "2014-10-23T00:00:00",
          "2014-10-24T00:00:00",
          "2014-10-27T00:00:00",
          "2014-10-28T00:00:00",
          "2014-10-29T00:00:00",
          "2014-10-30T00:00:00",
          "2014-10-31T00:00:00",
          "2014-11-03T00:00:00",
          "2014-11-04T00:00:00",
          "2014-11-05T00:00:00",
          "2014-11-06T00:00:00",
          "2014-11-07T00:00:00",
          "2014-11-10T00:00:00",
          "2014-11-11T00:00:00",
          "2014-11-12T00:00:00",
          "2014-11-13T00:00:00",
          "2014-11-14T00:00:00",
          "2014-11-17T00:00:00",
          "2014-11-18T00:00:00",
          "2014-11-19T00:00:00",
          "2014-11-20T00:00:00",
          "2014-11-21T00:00:00",
          "2014-11-24T00:00:00",
          "2014-11-25T00:00:00",
          "2014-11-26T00:00:00",
          "2014-11-28T00:00:00",
          "2014-12-01T00:00:00",
          "2014-12-02T00:00:00",
          "2014-12-03T00:00:00",
          "2014-12-04T00:00:00",
          "2014-12-05T00:00:00",
          "2014-12-08T00:00:00",
          "2014-12-09T00:00:00",
          "2014-12-10T00:00:00",
          "2014-12-11T00:00:00",
          "2014-12-12T00:00:00",
          "2014-12-15T00:00:00",
          "2014-12-16T00:00:00",
          "2014-12-17T00:00:00",
          "2014-12-18T00:00:00",
          "2014-12-19T00:00:00",
          "2014-12-22T00:00:00",
          "2014-12-23T00:00:00",
          "2014-12-24T00:00:00",
          "2014-12-26T00:00:00",
          "2014-12-29T00:00:00",
          "2014-12-30T00:00:00",
          "2014-12-31T00:00:00",
          "2015-01-02T00:00:00",
          "2015-01-05T00:00:00",
          "2015-01-06T00:00:00",
          "2015-01-07T00:00:00",
          "2015-01-08T00:00:00",
          "2015-01-09T00:00:00",
          "2015-01-12T00:00:00",
          "2015-01-13T00:00:00",
          "2015-01-14T00:00:00",
          "2015-01-15T00:00:00",
          "2015-01-16T00:00:00",
          "2015-01-20T00:00:00",
          "2015-01-21T00:00:00",
          "2015-01-22T00:00:00",
          "2015-01-23T00:00:00",
          "2015-01-26T00:00:00",
          "2015-01-27T00:00:00",
          "2015-01-28T00:00:00",
          "2015-01-29T00:00:00",
          "2015-01-30T00:00:00",
          "2015-02-02T00:00:00",
          "2015-02-03T00:00:00",
          "2015-02-04T00:00:00",
          "2015-02-05T00:00:00",
          "2015-02-06T00:00:00",
          "2015-02-09T00:00:00",
          "2015-02-10T00:00:00",
          "2015-02-11T00:00:00",
          "2015-02-12T00:00:00",
          "2015-02-13T00:00:00",
          "2015-02-17T00:00:00",
          "2015-02-18T00:00:00",
          "2015-02-19T00:00:00",
          "2015-02-20T00:00:00",
          "2015-02-23T00:00:00",
          "2015-02-24T00:00:00",
          "2015-02-25T00:00:00",
          "2015-02-26T00:00:00",
          "2015-02-27T00:00:00",
          "2015-03-02T00:00:00",
          "2015-03-03T00:00:00",
          "2015-03-04T00:00:00",
          "2015-03-05T00:00:00",
          "2015-03-06T00:00:00",
          "2015-03-09T00:00:00",
          "2015-03-10T00:00:00",
          "2015-03-11T00:00:00",
          "2015-03-12T00:00:00",
          "2015-03-13T00:00:00",
          "2015-03-16T00:00:00",
          "2015-03-17T00:00:00",
          "2015-03-18T00:00:00",
          "2015-03-19T00:00:00",
          "2015-03-20T00:00:00",
          "2015-03-23T00:00:00",
          "2015-03-24T00:00:00",
          "2015-03-25T00:00:00",
          "2015-03-26T00:00:00",
          "2015-03-27T00:00:00",
          "2015-03-30T00:00:00",
          "2015-03-31T00:00:00",
          "2015-04-01T00:00:00",
          "2015-04-02T00:00:00",
          "2015-04-06T00:00:00",
          "2015-04-07T00:00:00",
          "2015-04-08T00:00:00",
          "2015-04-09T00:00:00",
          "2015-04-10T00:00:00",
          "2015-04-13T00:00:00",
          "2015-04-14T00:00:00",
          "2015-04-15T00:00:00",
          "2015-04-16T00:00:00",
          "2015-04-17T00:00:00",
          "2015-04-20T00:00:00",
          "2015-04-21T00:00:00",
          "2015-04-22T00:00:00",
          "2015-04-23T00:00:00",
          "2015-04-24T00:00:00",
          "2015-04-27T00:00:00",
          "2015-04-28T00:00:00",
          "2015-04-29T00:00:00",
          "2015-04-30T00:00:00",
          "2015-05-01T00:00:00",
          "2015-05-04T00:00:00",
          "2015-05-05T00:00:00",
          "2015-05-06T00:00:00",
          "2015-05-07T00:00:00",
          "2015-05-08T00:00:00",
          "2015-05-11T00:00:00",
          "2015-05-12T00:00:00",
          "2015-05-13T00:00:00",
          "2015-05-14T00:00:00",
          "2015-05-15T00:00:00",
          "2015-05-18T00:00:00",
          "2015-05-19T00:00:00",
          "2015-05-20T00:00:00",
          "2015-05-21T00:00:00",
          "2015-05-22T00:00:00",
          "2015-05-26T00:00:00",
          "2015-05-27T00:00:00",
          "2015-05-28T00:00:00",
          "2015-05-29T00:00:00",
          "2015-06-01T00:00:00",
          "2015-06-02T00:00:00",
          "2015-06-03T00:00:00",
          "2015-06-04T00:00:00",
          "2015-06-05T00:00:00",
          "2015-06-08T00:00:00",
          "2015-06-09T00:00:00",
          "2015-06-10T00:00:00",
          "2015-06-11T00:00:00",
          "2015-06-12T00:00:00",
          "2015-06-15T00:00:00",
          "2015-06-16T00:00:00",
          "2015-06-17T00:00:00",
          "2015-06-18T00:00:00",
          "2015-06-19T00:00:00",
          "2015-06-22T00:00:00",
          "2015-06-23T00:00:00",
          "2015-06-24T00:00:00",
          "2015-06-25T00:00:00",
          "2015-06-26T00:00:00",
          "2015-06-29T00:00:00",
          "2015-06-30T00:00:00",
          "2015-07-01T00:00:00",
          "2015-07-02T00:00:00",
          "2015-07-06T00:00:00",
          "2015-07-07T00:00:00",
          "2015-07-08T00:00:00",
          "2015-07-09T00:00:00",
          "2015-07-10T00:00:00",
          "2015-07-13T00:00:00",
          "2015-07-14T00:00:00",
          "2015-07-15T00:00:00",
          "2015-07-16T00:00:00",
          "2015-07-17T00:00:00",
          "2015-07-20T00:00:00",
          "2015-07-21T00:00:00",
          "2015-07-22T00:00:00",
          "2015-07-23T00:00:00",
          "2015-07-24T00:00:00",
          "2015-07-27T00:00:00",
          "2015-07-28T00:00:00",
          "2015-07-29T00:00:00",
          "2015-07-30T00:00:00",
          "2015-07-31T00:00:00",
          "2015-08-03T00:00:00",
          "2015-08-04T00:00:00",
          "2015-08-05T00:00:00",
          "2015-08-06T00:00:00",
          "2015-08-07T00:00:00",
          "2015-08-10T00:00:00",
          "2015-08-11T00:00:00",
          "2015-08-12T00:00:00",
          "2015-08-13T00:00:00",
          "2015-08-14T00:00:00",
          "2015-08-17T00:00:00",
          "2015-08-18T00:00:00",
          "2015-08-19T00:00:00",
          "2015-08-20T00:00:00",
          "2015-08-21T00:00:00",
          "2015-08-24T00:00:00",
          "2015-08-25T00:00:00",
          "2015-08-26T00:00:00",
          "2015-08-27T00:00:00",
          "2015-08-28T00:00:00",
          "2015-08-31T00:00:00",
          "2015-09-01T00:00:00",
          "2015-09-02T00:00:00",
          "2015-09-03T00:00:00",
          "2015-09-04T00:00:00",
          "2015-09-08T00:00:00",
          "2015-09-09T00:00:00",
          "2015-09-10T00:00:00",
          "2015-09-11T00:00:00",
          "2015-09-14T00:00:00",
          "2015-09-15T00:00:00",
          "2015-09-16T00:00:00",
          "2015-09-17T00:00:00",
          "2015-09-18T00:00:00",
          "2015-09-21T00:00:00",
          "2015-09-22T00:00:00",
          "2015-09-23T00:00:00",
          "2015-09-24T00:00:00",
          "2015-09-25T00:00:00",
          "2015-09-28T00:00:00",
          "2015-09-29T00:00:00",
          "2015-09-30T00:00:00",
          "2015-10-01T00:00:00",
          "2015-10-02T00:00:00",
          "2015-10-05T00:00:00",
          "2015-10-06T00:00:00",
          "2015-10-07T00:00:00",
          "2015-10-08T00:00:00",
          "2015-10-09T00:00:00",
          "2015-10-12T00:00:00",
          "2015-10-13T00:00:00",
          "2015-10-14T00:00:00",
          "2015-10-15T00:00:00",
          "2015-10-16T00:00:00",
          "2015-10-19T00:00:00",
          "2015-10-20T00:00:00",
          "2015-10-21T00:00:00",
          "2015-10-22T00:00:00",
          "2015-10-23T00:00:00",
          "2015-10-26T00:00:00",
          "2015-10-27T00:00:00",
          "2015-10-28T00:00:00",
          "2015-10-29T00:00:00",
          "2015-10-30T00:00:00",
          "2015-11-02T00:00:00",
          "2015-11-03T00:00:00",
          "2015-11-04T00:00:00",
          "2015-11-05T00:00:00",
          "2015-11-06T00:00:00",
          "2015-11-09T00:00:00",
          "2015-11-10T00:00:00",
          "2015-11-11T00:00:00",
          "2015-11-12T00:00:00",
          "2015-11-13T00:00:00",
          "2015-11-16T00:00:00",
          "2015-11-17T00:00:00",
          "2015-11-18T00:00:00",
          "2015-11-19T00:00:00",
          "2015-11-20T00:00:00",
          "2015-11-23T00:00:00",
          "2015-11-24T00:00:00",
          "2015-11-25T00:00:00",
          "2015-11-27T00:00:00",
          "2015-11-30T00:00:00",
          "2015-12-01T00:00:00",
          "2015-12-02T00:00:00",
          "2015-12-03T00:00:00",
          "2015-12-04T00:00:00",
          "2015-12-07T00:00:00",
          "2015-12-08T00:00:00",
          "2015-12-09T00:00:00",
          "2015-12-10T00:00:00",
          "2015-12-11T00:00:00",
          "2015-12-14T00:00:00",
          "2015-12-15T00:00:00",
          "2015-12-16T00:00:00",
          "2015-12-17T00:00:00",
          "2015-12-18T00:00:00",
          "2015-12-21T00:00:00",
          "2015-12-22T00:00:00",
          "2015-12-23T00:00:00",
          "2015-12-24T00:00:00",
          "2015-12-28T00:00:00",
          "2015-12-29T00:00:00",
          "2015-12-30T00:00:00",
          "2015-12-31T00:00:00",
          "2016-01-04T00:00:00",
          "2016-01-05T00:00:00",
          "2016-01-06T00:00:00",
          "2016-01-07T00:00:00",
          "2016-01-08T00:00:00",
          "2016-01-11T00:00:00",
          "2016-01-12T00:00:00",
          "2016-01-13T00:00:00",
          "2016-01-14T00:00:00",
          "2016-01-15T00:00:00",
          "2016-01-19T00:00:00",
          "2016-01-20T00:00:00",
          "2016-01-21T00:00:00",
          "2016-01-22T00:00:00",
          "2016-01-25T00:00:00",
          "2016-01-26T00:00:00",
          "2016-01-27T00:00:00",
          "2016-01-28T00:00:00",
          "2016-01-29T00:00:00",
          "2016-02-01T00:00:00",
          "2016-02-02T00:00:00",
          "2016-02-03T00:00:00",
          "2016-02-04T00:00:00",
          "2016-02-05T00:00:00",
          "2016-02-08T00:00:00",
          "2016-02-09T00:00:00",
          "2016-02-10T00:00:00",
          "2016-02-11T00:00:00",
          "2016-02-12T00:00:00",
          "2016-02-16T00:00:00",
          "2016-02-17T00:00:00",
          "2016-02-18T00:00:00",
          "2016-02-19T00:00:00",
          "2016-02-22T00:00:00",
          "2016-02-23T00:00:00",
          "2016-02-24T00:00:00",
          "2016-02-25T00:00:00",
          "2016-02-26T00:00:00",
          "2016-02-29T00:00:00",
          "2016-03-01T00:00:00",
          "2016-03-02T00:00:00",
          "2016-03-03T00:00:00",
          "2016-03-04T00:00:00",
          "2016-03-07T00:00:00",
          "2016-03-08T00:00:00",
          "2016-03-09T00:00:00",
          "2016-03-10T00:00:00",
          "2016-03-11T00:00:00",
          "2016-03-14T00:00:00",
          "2016-03-15T00:00:00",
          "2016-03-16T00:00:00",
          "2016-03-17T00:00:00",
          "2016-03-18T00:00:00",
          "2016-03-21T00:00:00",
          "2016-03-22T00:00:00",
          "2016-03-23T00:00:00",
          "2016-03-24T00:00:00",
          "2016-03-28T00:00:00",
          "2016-03-29T00:00:00",
          "2016-03-30T00:00:00",
          "2016-03-31T00:00:00",
          "2016-04-01T00:00:00",
          "2016-04-04T00:00:00",
          "2016-04-05T00:00:00",
          "2016-04-06T00:00:00",
          "2016-04-07T00:00:00",
          "2016-04-08T00:00:00",
          "2016-04-11T00:00:00",
          "2016-04-12T00:00:00",
          "2016-04-13T00:00:00",
          "2016-04-14T00:00:00",
          "2016-04-15T00:00:00",
          "2016-04-18T00:00:00",
          "2016-04-19T00:00:00",
          "2016-04-20T00:00:00",
          "2016-04-21T00:00:00",
          "2016-04-22T00:00:00",
          "2016-04-25T00:00:00",
          "2016-04-26T00:00:00",
          "2016-04-27T00:00:00",
          "2016-04-28T00:00:00",
          "2016-04-29T00:00:00",
          "2016-05-02T00:00:00",
          "2016-05-03T00:00:00",
          "2016-05-04T00:00:00",
          "2016-05-05T00:00:00",
          "2016-05-06T00:00:00",
          "2016-05-09T00:00:00",
          "2016-05-10T00:00:00",
          "2016-05-11T00:00:00",
          "2016-05-12T00:00:00",
          "2016-05-13T00:00:00",
          "2016-05-16T00:00:00",
          "2016-05-17T00:00:00",
          "2016-05-18T00:00:00",
          "2016-05-19T00:00:00",
          "2016-05-20T00:00:00",
          "2016-05-23T00:00:00",
          "2016-05-24T00:00:00",
          "2016-05-25T00:00:00",
          "2016-05-26T00:00:00",
          "2016-05-27T00:00:00",
          "2016-05-31T00:00:00",
          "2016-06-01T00:00:00",
          "2016-06-02T00:00:00",
          "2016-06-03T00:00:00",
          "2016-06-06T00:00:00",
          "2016-06-07T00:00:00",
          "2016-06-08T00:00:00",
          "2016-06-09T00:00:00",
          "2016-06-10T00:00:00",
          "2016-06-13T00:00:00",
          "2016-06-14T00:00:00",
          "2016-06-15T00:00:00",
          "2016-06-16T00:00:00",
          "2016-06-17T00:00:00",
          "2016-06-20T00:00:00",
          "2016-06-21T00:00:00",
          "2016-06-22T00:00:00",
          "2016-06-23T00:00:00",
          "2016-06-24T00:00:00",
          "2016-06-27T00:00:00",
          "2016-06-28T00:00:00",
          "2016-06-29T00:00:00",
          "2016-06-30T00:00:00",
          "2016-07-01T00:00:00",
          "2016-07-05T00:00:00",
          "2016-07-06T00:00:00",
          "2016-07-07T00:00:00",
          "2016-07-08T00:00:00",
          "2016-07-11T00:00:00",
          "2016-07-12T00:00:00",
          "2016-07-13T00:00:00",
          "2016-07-14T00:00:00",
          "2016-07-15T00:00:00",
          "2016-07-18T00:00:00",
          "2016-07-19T00:00:00",
          "2016-07-20T00:00:00",
          "2016-07-21T00:00:00",
          "2016-07-22T00:00:00",
          "2016-07-25T00:00:00",
          "2016-07-26T00:00:00",
          "2016-07-27T00:00:00",
          "2016-07-28T00:00:00",
          "2016-07-29T00:00:00",
          "2016-08-01T00:00:00",
          "2016-08-02T00:00:00",
          "2016-08-03T00:00:00",
          "2016-08-04T00:00:00",
          "2016-08-05T00:00:00",
          "2016-08-08T00:00:00",
          "2016-08-09T00:00:00",
          "2016-08-10T00:00:00",
          "2016-08-11T00:00:00",
          "2016-08-12T00:00:00",
          "2016-08-15T00:00:00",
          "2016-08-16T00:00:00",
          "2016-08-17T00:00:00",
          "2016-08-18T00:00:00",
          "2016-08-19T00:00:00",
          "2016-08-22T00:00:00",
          "2016-08-23T00:00:00",
          "2016-08-24T00:00:00",
          "2016-08-25T00:00:00",
          "2016-08-26T00:00:00",
          "2016-08-29T00:00:00",
          "2016-08-30T00:00:00",
          "2016-08-31T00:00:00",
          "2016-09-01T00:00:00",
          "2016-09-02T00:00:00",
          "2016-09-06T00:00:00",
          "2016-09-07T00:00:00",
          "2016-09-08T00:00:00",
          "2016-09-09T00:00:00",
          "2016-09-12T00:00:00",
          "2016-09-13T00:00:00",
          "2016-09-14T00:00:00",
          "2016-09-15T00:00:00",
          "2016-09-16T00:00:00",
          "2016-09-19T00:00:00",
          "2016-09-20T00:00:00",
          "2016-09-21T00:00:00",
          "2016-09-22T00:00:00",
          "2016-09-23T00:00:00",
          "2016-09-26T00:00:00",
          "2016-09-27T00:00:00",
          "2016-09-28T00:00:00",
          "2016-09-29T00:00:00",
          "2016-09-30T00:00:00",
          "2016-10-03T00:00:00",
          "2016-10-04T00:00:00",
          "2016-10-05T00:00:00",
          "2016-10-06T00:00:00",
          "2016-10-07T00:00:00",
          "2016-10-10T00:00:00",
          "2016-10-11T00:00:00",
          "2016-10-12T00:00:00",
          "2016-10-13T00:00:00",
          "2016-10-14T00:00:00",
          "2016-10-17T00:00:00",
          "2016-10-18T00:00:00",
          "2016-10-19T00:00:00",
          "2016-10-20T00:00:00",
          "2016-10-21T00:00:00",
          "2016-10-24T00:00:00",
          "2016-10-25T00:00:00",
          "2016-10-26T00:00:00",
